
T_left_foot_relative_base =

    0.9890   -0.0879    0.1186    0.0365
    0.1093    0.9762   -0.1873    0.1695
   -0.0993    0.1982    0.9751   -0.3101
         0         0         0    1.0000


ans =

    0.0365    0.1695   -0.3101


eulerAngles2 =

    0.1100    0.0995    0.2005


T_left_foot_relative_base =

    0.9732   -0.0781    0.2163    0.0175
    0.1176    0.9773   -0.1760    0.1674
   -0.1977    0.1967    0.9603   -0.3087
         0         0         0    1.0000


ans =

    0.0175    0.1674   -0.3087


eulerAngles4 =

    0.1202    0.1990    0.2020


T_left_foot_relative_base =

    0.9682   -0.0768    0.2380    0.0175
    0.1200    0.9776   -0.1729    0.1674
   -0.2194    0.1960    0.9557   -0.3087
         0         0         0    1.0000


ans =

    0.0175    0.1674   -0.3087


eulerAngles6 =

    0.1234    0.2212    0.2023

