
T_left_foot_relative_base =

    0.9890   -0.0879    0.1186    0.0365
    0.1093    0.9762   -0.1873    0.1695
   -0.0993    0.1982    0.9751   -0.3101
         0         0         0    1.0000


ans =

    0.0365    0.1695   -0.3101


eulerAngles1 =

    0.1897    0.1189    0.0887


eulerAngles2 =

    0.1897    0.1189    0.0887


T_left_foot_relative_base =

    0.9646   -0.1135    0.2380    0.0221
    0.1758    0.9495   -0.2599    0.1849
   -0.1964    0.2926    0.9358   -0.2997
         0         0         0    1.0000


ans =

    0.0221    0.1849   -0.2997


eulerAngles3 =

    0.2709    0.2403    0.1171


eulerAngles4 =

    0.2709    0.2403    0.1171


T_left_foot_relative_base =

    0.9651   -0.1135    0.2359    0.0221
    0.1753    0.9496   -0.2601    0.1849
   -0.1944    0.2923    0.9363   -0.2997
         0         0         0    1.0000


ans =

    0.0221    0.1849   -0.2997


eulerAngles5 =

    0.2709    0.2381    0.1171


eulerAngles6 =

    0.2709    0.2381    0.1171

