
T_left_foot_relative_base =

    0.9890   -0.0879    0.1186    0.0365
    0.1093    0.9762   -0.1873    0.1695
   -0.0993    0.1982    0.9751   -0.3101
         0         0         0    1.0000


ans =

    0.0365    0.1695   -0.3101


eulerAngles2 =

    0.1100    0.0995    0.2005


T_left_foot_relative_base =

    0.9646   -0.1135    0.2380    0.0221
    0.1758    0.9495   -0.2599    0.1849
   -0.1964    0.2926    0.9358   -0.2997
         0         0         0    1.0000


ans =

    0.0221    0.1849   -0.2997


eulerAngles4 =

    0.1803    0.1977    0.3030


T_left_foot_relative_base =

    0.9588   -0.0503    0.2797    0.0241
    0.1170    0.9668   -0.2270    0.1840
   -0.2590    0.2504    0.9329   -0.2965
         0         0         0    1.0000


ans =

    0.0241    0.1840   -0.2965


eulerAngles6 =

    0.1214    0.2620    0.2622

